b=20;
k1=50;
k2=100;
m1=150;
m2=200;
